0 0.47716346153846156 0.6057692307692307 0.09975961538461539 0.09495192307692307
3 0.7536057692307693 0.609375 0.125 0.09735576923076923
2 0.6310096153846154 0.41947115384615385 0.03485576923076923 0.04567307692307692
2 0.36899038461538464 0.42427884615384615 0.03485576923076923 0.04807692307692308
2 0.4495192307692308 0.4254807692307692 0.03485576923076923 0.04567307692307692
2 0.5360576923076923 0.421875 0.037259615384615384 0.04807692307692308
2 0.7115384615384616 0.41586538461538464 0.037259615384615384 0.04567307692307692
2 0.7980769230769231 0.4110576923076923 0.037259615384615384 0.04807692307692308
2 0.28365384615384615 0.4266826923076923 0.03485576923076923 0.04447115384615385
2 0.20432692307692307 0.421875 0.037259615384615384 0.04807692307692308
2 0.1201923076923077 0.4230769230769231 0.037259615384615384 0.04567307692307692
2 0.042067307692307696 0.421875 0.025240384615384616 0.039663461538461536