3 0.533203125 0.4045138890625 0.52734375 0.39756944375000003 0.52734375 0.3767361109375 0.5205078125 0.36805555624999997 0.515625 0.3767361109375 0.515625 0.390625 0.5078125 0.4114583328125 0.505859375 0.4392361109375 0.50390625 0.4427083328125 0.505859375 0.453125 0.50390625 0.4635416671875 0.5146484375 0.47569444375 0.537109375 0.4739583328125 0.5390625 0.4704861109375 0.541015625 0.4427083328125 0.53515625 0.4357638890625 0.533203125 0.4045138890625
3 0.57421875 0.637152778125 0.5693359375 0.625 0.564453125 0.6232638890625 0.564453125 0.612847221875 0.568359375 0.5954861109375 0.568359375 0.5850694437499999 0.5625 0.5711805562500001 0.564453125 0.5399305562500001 0.5556640625 0.5173611109375 0.5498046875 0.5173611109375 0.546875 0.5225694437499999 0.546875 0.5295138890625 0.541015625 0.5364583328125 0.541015625 0.5607638890625 0.54296875 0.5711805562500001 0.5400390625 0.5763888890625 0.5322265625 0.5798611109375 0.5234375 0.6024305562500001 0.5234375 0.6197916671875 0.53125 0.6336805562500001 0.52734375 0.640625 0.529296875 0.7135416671875 0.5322265625 0.7256944437499999 0.5419921875 0.7256944437499999 0.5439453125 0.722222221875 0.5498046875 0.722222221875 0.5517578125 0.7256944437499999 0.5703125 0.7239583328125 0.572265625 0.7170138890625 0.572265625 0.6614583328125 0.57421875 0.6579861109375 0.57421875 0.637152778125
3 0.25 0.6302083328125 0.25 0.5989583328125 0.248046875 0.5954861109375 0.248046875 0.5850694437499999 0.24609375 0.578125 0.236328125 0.5642361109375 0.236328125 0.543402778125 0.2294921875 0.53125 0.2236328125 0.527777778125 0.212890625 0.5399305562500001 0.212890625 0.550347221875 0.21484375 0.5538194437499999 0.212890625 0.574652778125 0.208984375 0.5920138890625 0.2060546875 0.59375 0.203125 0.6024305562500001 0.203125 0.612847221875 0.19921875 0.6302083328125 0.201171875 0.637152778125 0.1953125 0.6510416671875 0.1953125 0.668402778125 0.193359375 0.671875 0.193359375 0.7135416671875 0.1953125 0.7204861109375 0.2109375 0.7204861109375 0.2529296875 0.71875 0.255859375 0.706597221875 0.25390625 0.6475694437499999 0.25 0.6302083328125
4 0.4111328125 0.1875 0.4072265625 0.18055555625 0.3994140625 0.18055555625 0.3974609375 0.18402777812499999 0.3955078125 0.18055555625 0.390625 0.1822916671875 0.38671875 0.203125 0.3876953125 0.21875 0.3935546875 0.21875 0.3955078125 0.222222221875 0.421875 0.22048611093749998 0.423828125 0.21354166718749998 0.423828125 0.1927083328125 0.4208984375 0.18402777812499999 0.4111328125 0.1875
3 0.326171875 0.8038194437499999 0.318359375 0.769097221875 0.3154296875 0.7638888890625 0.3115234375 0.7638888890625 0.30859375 0.769097221875 0.3046875 0.8038194437499999 0.30078125 0.8142361109375 0.298828125 0.8489583328125001 0.3115234375 0.8506944437499999 0.3134765625 0.8541666671874999 0.3173828125 0.8506944437499999 0.3212890625 0.8541666671874999 0.326171875 0.8524305562500001 0.328125 0.8489583328125001 0.326171875 0.8142361109375 0.32421875 0.8107638890625 0.326171875 0.8038194437499999
5 0.3642578125 0.78125 0.3564453125 0.78125 0.353515625 0.796875 0.35546875 0.828125 0.3603515625 0.8333333328125001 0.36328125 0.831597221875 0.365234375 0.828125 0.365234375 0.796875 0.3671875 0.793402778125 0.3642578125 0.78125
3 0.474609375 0.796875 0.46875 0.7795138890625 0.466796875 0.765625 0.4599609375 0.7638888890625 0.45703125 0.769097221875 0.45703125 0.7829861109375 0.451171875 0.796875 0.451171875 0.8142361109375 0.447265625 0.824652778125 0.447265625 0.8420138890625 0.4501953125 0.847222221875 0.474609375 0.8489583328125001 0.478515625 0.8420138890625 0.478515625 0.8177083328125001 0.474609375 0.8072916671874999 0.474609375 0.796875
5 0.5107421875 0.78125 0.505859375 0.800347221875 0.5078125 0.8177083328125001 0.5107421875 0.8263888890625 0.51953125 0.824652778125 0.51953125 0.796875 0.515625 0.7899305562500001 0.515625 0.7829861109375 0.5107421875 0.78125
3 0.56640625 0.7829861109375 0.564453125 0.765625 0.5576171875 0.7638888890625 0.5546875 0.7725694437499999 0.5546875 0.7829861109375 0.55078125 0.7899305562500001 0.548828125 0.800347221875 0.55078125 0.8072916671874999 0.546875 0.8177083328125001 0.544921875 0.8420138890625 0.5478515625 0.847222221875 0.57421875 0.8454861109375 0.57421875 0.8177083328125001 0.572265625 0.8142361109375 0.5703125 0.7899305562500001 0.56640625 0.7829861109375
3 0.697265625 0.8454861109375 0.6796875 0.8107638890625 0.677734375 0.793402778125 0.6728515625 0.7916666671875 0.6640625 0.8211805562500001 0.6640625 0.831597221875 0.666015625 0.8350694437499999 0.662109375 0.8454861109375 0.662109375 0.862847221875 0.66015625 0.8697916671874999 0.6630859375 0.875 0.693359375 0.8732638890625 0.7021484375 0.871527778125 0.703125 0.8663194437499999 0.693359375 0.855902778125 0.697265625 0.8454861109375
3 0.232421875 0.7899305562500001 0.2265625 0.7829861109375 0.228515625 0.7760416671875 0.224609375 0.762152778125 0.2197265625 0.7604166671875 0.216796875 0.7725694437499999 0.216796875 0.7864583328125 0.2138671875 0.784722221875 0.2109375 0.7899305562500001 0.212890625 0.8107638890625 0.208984375 0.8177083328125001 0.208984375 0.8454861109375 0.234375 0.8454861109375 0.236328125 0.8420138890625 0.236328125 0.8177083328125001 0.232421875 0.8038194437499999 0.232421875 0.7899305562500001
3 0.646484375 0.4010416671875 0.642578125 0.39409722187499996 0.642578125 0.38368055624999997 0.640625 0.3767361109375 0.6357421875 0.37152777812500004 0.630859375 0.3802083328125 0.62890625 0.390625 0.626953125 0.41840277812500004 0.623046875 0.4357638890625 0.623046875 0.45659722187499996 0.6259765625 0.46180555625 0.65234375 0.46006944375 0.654296875 0.45659722187499996 0.65234375 0.4322916671875 0.646484375 0.41840277812500004 0.646484375 0.4010416671875
3 0.74609375 0.38368055624999997 0.74609375 0.3697916671875 0.7392578125 0.3645833328125 0.734375 0.3732638890625 0.734375 0.38715277812500004 0.728515625 0.4045138890625 0.728515625 0.42534722187499996 0.7265625 0.42881944375 0.728515625 0.4322916671875 0.728515625 0.4427083328125 0.7265625 0.44618055625 0.7265625 0.45659722187499996 0.7294921875 0.46527777812500004 0.75390625 0.4635416671875 0.759765625 0.4322916671875 0.755859375 0.421875 0.75390625 0.4045138890625 0.74609375 0.38368055624999997
3 0.75 0.7100694437499999 0.75 0.699652778125 0.74609375 0.6892361109375 0.74609375 0.6822916671875 0.744140625 0.675347221875 0.7392578125 0.6701388890625 0.734375 0.6788194437499999 0.732421875 0.703125 0.7265625 0.730902778125 0.7265625 0.7482638890625 0.728515625 0.7552083328125 0.73046875 0.7552083328125 0.7529296875 0.753472221875 0.7578125 0.7413194437499999 0.7578125 0.7274305562500001 0.75 0.7100694437499999
5 0.236328125 0.4427083328125 0.23046875 0.4357638890625 0.23046875 0.3767361109375 0.2333984375 0.375 0.234375 0.3697916671875 0.23046875 0.359375 0.228515625 0.26909722187499996 0.2158203125 0.24305555625 0.2080078125 0.24305555625 0.203125 0.2552083328125 0.205078125 0.2864583328125 0.201171875 0.29340277812500004 0.201171875 0.30034722187499996 0.1953125 0.3107638890625 0.197265625 0.3420138890625 0.19921875 0.3454861109375 0.197265625 0.3489583328125 0.197265625 0.3732638890625 0.201171875 0.3802083328125 0.201171875 0.4114583328125 0.205078125 0.41840277812500004 0.203125 0.42534722187499996 0.205078125 0.4357638890625 0.2021484375 0.4375 0.19921875 0.44618055625 0.19921875 0.4635416671875 0.201171875 0.4670138890625 0.201171875 0.47743055625 0.2080078125 0.4895833328125 0.22265625 0.48784722187499996 0.2275390625 0.4826388890625 0.2333984375 0.4826388890625 0.236328125 0.47743055625 0.236328125 0.4427083328125
3 0.5419921875 0.23958333281250002 0.533203125 0.265625 0.533203125 0.27256944375000003 0.52734375 0.2864583328125 0.5302734375 0.2916666671875 0.5361328125 0.28819444375000003 0.5400390625 0.2916666671875 0.55078125 0.28993055624999997 0.55078125 0.26909722187499996 0.548828125 0.265625 0.546875 0.24131944375 0.5419921875 0.23958333281250002
3 0.283203125 0.18923611093749998 0.28125 0.18576388906250002 0.28125 0.17881944375 0.2802734375 0.1770833328125 0.2783203125 0.1770833328125 0.2734375 0.18576388906250002 0.2734375 0.19965277812499999 0.271484375 0.203125 0.271484375 0.21006944375 0.2744140625 0.215277778125 0.2822265625 0.215277778125 0.283203125 0.21354166718749998 0.28515625 0.21006944375 0.28515625 0.19618055625 0.283203125 0.1927083328125 0.283203125 0.18923611093749998