1 0.52734375 0.6103515625 0.5185546875 0.599609375 0.5078125 0.5966796875 0.4990234375 0.55859375 0.4833984375 0.55859375 0.4716796875 0.57421875 0.4599609375 0.57421875 0.4482421875 0.56640625 0.4404296875 0.56640625 0.435546875 0.5732421875 0.43359375 0.5966796875 0.427734375 0.6064453125 0.4326171875 0.61328125 0.451171875 0.6201171875 0.443359375 0.6298828125 0.443359375 0.6474609375 0.46875 0.6533203125 0.4990234375 0.646484375 0.5146484375 0.65234375 0.5234375 0.6357421875 0.52734375 0.6103515625
4 0.8125 0.6005859375 0.81640625 0.5810546875 0.8056640625 0.568359375 0.7978515625 0.56640625 0.7783203125 0.57421875 0.7529296875 0.560546875 0.7392578125 0.560546875 0.7197265625 0.576171875 0.7060546875 0.568359375 0.6953125 0.5732421875 0.69140625 0.5966796875 0.6962890625 0.64453125 0.7294921875 0.646484375 0.7451171875 0.658203125 0.79296875 0.6572265625 0.8076171875 0.65625 0.81640625 0.6474609375 0.81640625 0.6064453125 0.8125 0.6005859375
3 0.6240234375 0.396484375 0.6171875 0.4052734375 0.61328125 0.4423828125 0.63671875 0.4423828125 0.6484375 0.4404296875 0.64453125 0.4228515625 0.634765625 0.4013671875 0.6240234375 0.396484375
3 0.357421875 0.4052734375 0.359375 0.4169921875 0.3515625 0.4462890625 0.38671875 0.4482421875 0.380859375 0.4208984375 0.37109375 0.4033203125 0.3623046875 0.400390625 0.357421875 0.4052734375
3 0.4560546875 0.40234375 0.447265625 0.4052734375 0.431640625 0.4462890625 0.44921875 0.4482421875 0.466796875 0.4462890625 0.458984375 0.4208984375 0.4609375 0.4072265625 0.4560546875 0.40234375
3 0.5380859375 0.3984375 0.517578125 0.4462890625 0.5546875 0.4462890625 0.5546875 0.4326171875 0.546875 0.4228515625 0.548828125 0.4033203125 0.5380859375 0.3984375
3 0.7099609375 0.392578125 0.697265625 0.4169921875 0.693359375 0.4384765625 0.73046875 0.4384765625 0.720703125 0.4111328125 0.72265625 0.3994140625 0.7177734375 0.392578125 0.7099609375 0.392578125
3 0.80078125 0.3994140625 0.80078125 0.3896484375 0.7900390625 0.38671875 0.78515625 0.3916015625 0.779296875 0.4345703125 0.794921875 0.4345703125 0.8154296875 0.431640625 0.81640625 0.4267578125 0.80859375 0.4052734375 0.80078125 0.3994140625
3 0.30078125 0.4482421875 0.29296875 0.4072265625 0.2861328125 0.404296875 0.265625 0.4462890625 0.30078125 0.4482421875
3 0.185546875 0.4267578125 0.1875 0.4443359375 0.22265625 0.4462890625 0.20703125 0.4150390625 0.20703125 0.4033203125 0.1982421875 0.3984375 0.185546875 0.4267578125
3 0.1015625 0.4208984375 0.103515625 0.4443359375 0.138671875 0.4462890625 0.12890625 0.4072265625 0.1220703125 0.400390625 0.1123046875 0.400390625 0.1015625 0.4208984375
3 0.029296875 0.4228515625 0.029296875 0.4404296875 0.0546875 0.4423828125 0.052734375 0.4052734375 0.0478515625 0.40234375 0.037109375 0.4091796875 0.029296875 0.4228515625