2 0.07451923076923077 0.4110576923076923 0.0733173076923077 0.09375
2 0.2127403846153846 0.4074519230769231 0.07451923076923077 0.09134615384615384
2 0.3581730769230769 0.40865384615384615 0.0829326923076923 0.09735576923076923
2 0.5144230769230769 0.4074519230769231 0.0889423076923077 0.09495192307692307
2 0.6646634615384616 0.41586538461538464 0.08533653846153846 0.09134615384615384
2 0.8173076923076923 0.4110576923076923 0.08774038461538461 0.09134615384615384
4 0.265625 0.5540865384615384 0.07932692307692307 0.10576923076923077
4 0.7139423076923077 0.5504807692307693 0.06370192307692307 0.116586538461538462 0.07451923076923077 0.4110576923076923 0.0733173076923077 0.09375
2 0.2127403846153846 0.4074519230769231 0.07451923076923077 0.09134615384615384
2 0.3581730769230769 0.40865384615384615 0.0829326923076923 0.09735576923076923
2 0.5144230769230769 0.4074519230769231 0.0889423076923077 0.09495192307692307
2 0.6646634615384616 0.41586538461538464 0.08533653846153846 0.09134615384615384
2 0.8173076923076923 0.4110576923076923 0.08774038461538461 0.09134615384615384
4 0.265625 0.5540865384615384 0.07932692307692307 0.10576923076923077
4 0.7139423076923077 0.5504807692307693 0.06370192307692307 0.11658653846153846