2 0.5228365384615384 0.421875 0.037259615384615384 0.10817307692307693
2 0.5492788461538461 0.6213942307692307 0.05048076923076923 0.20793269230769232
2 0.2247596153846154 0.6358173076923077 0.0625 0.19230769230769232
3 0.4050480769230769 0.20192307692307693 0.037259615384615384 0.042067307692307696
2 0.3137019230769231 0.8088942307692307 0.028846153846153848 0.09014423076923077
4 0.3605769230769231 0.8076923076923077 0.013221153846153846 0.051682692307692304
2 0.46274038461538464 0.8064903846153846 0.03125 0.08533653846153846
4 0.5132211538461539 0.8040865384615384 0.013221153846153846 0.04567307692307692
2 0.5600961538461539 0.8052884615384616 0.028846153846153848 0.0829326923076923
2 0.6814903846153846 0.8329326923076923 0.04326923076923077 0.0829326923076923
2 0.22235576923076922 0.8028846153846154 0.027644230769230768 0.08533653846153846
2 0.6382211538461539 0.4170673076923077 0.03125 0.09014423076923077
2 0.7427884615384616 0.41466346153846156 0.03365384615384615 0.10096153846153846
2 0.7427884615384616 0.7127403846153846 0.03125 0.08533653846153846
4 0.21634615384615385 0.36658653846153844 0.040865384615384616 0.24639423076923078
2 0.5384615384615384 0.265625 0.02403846153846154 0.051682692307692304
2 0.27884615384615385 0.19591346153846154 0.013221153846153846 0.0384615384615384642 0.5228365384615384 0.421875 0.037259615384615384 0.10817307692307693
2 0.5492788461538461 0.6213942307692307 0.05048076923076923 0.20793269230769232
2 0.2247596153846154 0.6358173076923077 0.0625 0.19230769230769232
3 0.4050480769230769 0.20192307692307693 0.037259615384615384 0.042067307692307696
2 0.3137019230769231 0.8088942307692307 0.028846153846153848 0.09014423076923077
4 0.3605769230769231 0.8076923076923077 0.013221153846153846 0.051682692307692304
2 0.46274038461538464 0.8064903846153846 0.03125 0.08533653846153846
4 0.5132211538461539 0.8040865384615384 0.013221153846153846 0.04567307692307692
2 0.5600961538461539 0.8052884615384616 0.028846153846153848 0.0829326923076923
2 0.6814903846153846 0.8329326923076923 0.04326923076923077 0.0829326923076923
2 0.22235576923076922 0.8028846153846154 0.027644230769230768 0.08533653846153846
2 0.6382211538461539 0.4170673076923077 0.03125 0.09014423076923077
2 0.7427884615384616 0.41466346153846156 0.03365384615384615 0.10096153846153846
2 0.7427884615384616 0.7127403846153846 0.03125 0.08533653846153846
4 0.21634615384615385 0.36658653846153844 0.040865384615384616 0.24639423076923078
2 0.5384615384615384 0.265625 0.02403846153846154 0.051682692307692304
2 0.27884615384615385 0.19591346153846154 0.013221153846153846 0.038461538461538464