2 0.37740384615384615 0.7271634615384616 0.125 0.13942307692307693
1 0.14423076923076922 0.41586538461538464 0.039663461538461536 0.09615384615384616
1 0.20793269230769232 0.4206730769230769 0.040865384615384616 0.0829326923076923
1 0.27524038461538464 0.41466346153846156 0.04326923076923077 0.08774038461538461
1 0.3485576923076923 0.41466346153846156 0.05048076923076923 0.09375
1 0.41947115384615385 0.41225961538461536 0.051682692307692304 0.08533653846153846
1 0.4963942307692308 0.41346153846153844 0.051682692307692304 0.0829326923076923
1 0.5709134615384616 0.41225961538461536 0.04927884615384615 0.08413461538461539
1 0.6454326923076923 0.41346153846153844 0.04326923076923077 0.08413461538461539
1 0.7175480769230769 0.41586538461538464 0.039663461538461536 0.078125
1 0.7860576923076923 0.4182692307692308 0.038461538461538464 0.07932692307692307
1 0.8485576923076923 0.41947115384615385 0.03485576923076923 0.078125
3 0.7127403846153846 0.7091346153846154 0.06370192307692307 0.16706730769230768