2 0.52265625 0.421875 0.0375 0.1078125
2 0.5484375 0.621875 0.05078125 0.20859375
2 0.225 0.63515625 0.0625 0.19296875
3 0.40546875 0.2015625 0.0375 0.04140625
2 0.31328125 0.809375 0.0296875 0.090625
4 0.36015625 0.80703125 0.0140625 0.05234375
2 0.4625 0.80625 0.03125 0.08515625
4 0.5125 0.80390625 0.0140625 0.0453125
2 0.559375 0.80546875 0.0296875 0.08359375
2 0.68125 0.83359375 0.04296875 0.08359375
2 0.22265625 0.803125 0.02734375 0.08515625
2 0.6390625 0.41640625 0.03125 0.090625
2 0.74296875 0.41484375 0.0328125 0.10078125
2 0.7421875 0.7125 0.03125 0.08515625
4 0.215625 0.36640625 0.040625 0.246875
2 0.5390625 0.265625 0.0234375 0.05234375
2 0.278125 0.19609375 0.0140625 0.03828125