4 0.08984375 0.259375 0.17578125 0.425
2 0.04296875 0.4265625 0.0859375 0.25859375
2 0.2703125 0.2703125 0.15390625 0.25078125
2 0.2671875 0.71953125 0.12890625 0.2078125
2 0.13203125 0.58046875 0.18125 0.28984375
2 0.31640625 0.6953125 0.09375 0.2578125
2 0.1421875 0.7828125 0.07421875 0.1015625
2 0.06015625 0.76328125 0.0859375 0.1359375
2 0.55078125 0.55234375 0.1484375 0.1875
4 0.34765625 0.4953125 0.09375 0.30390625
4 0.41875 0.6265625 0.11953125 0.28125
4 0.6671875 0.72109375 0.084375 0.23125
4 0.78515625 0.49765625 0.203125 0.51484375
4 0.38984375 0.346875 0.14609375 0.284375
2 0.240625 0.47421875 0.12890625 0.2296875
2 0.5 0.43046875 0.11328125 0.23515625
2 0.5859375 0.46796875 0.109375 0.23359375
2 0.5125 0.7796875 0.06015625 0.10234375
2 0.596875 0.7578125 0.0921875 0.15234375
2 0.5984375 0.3296875 0.1078125 0.23359375
2 0.94765625 0.78203125 0.1046875 0.2984375
2 0.79921875 0.809375 0.1015625 0.1125