0 0.47734375 0.60625 0.1 0.09453125
3 0.75390625 0.609375 0.125 0.09765625
2 0.63046875 0.41953125 0.03515625 0.04609375
2 0.36953125 0.42421875 0.03515625 0.04765625
2 0.44921875 0.425 0.03515625 0.04609375
2 0.5359375 0.42265625 0.03671875 0.04765625
2 0.71171875 0.415625 0.03671875 0.04609375
2 0.79765625 0.4109375 0.03671875 0.04765625
2 0.2828125 0.4265625 0.03515625 0.04375
2 0.20390625 0.42265625 0.03671875 0.04765625
2 0.1203125 0.4234375 0.03671875 0.04609375
2 0.0421875 0.42265625 0.025 0.03984375