3 0.37734375 0.72734375 0.125 0.13984375
2 0.14453125 0.415625 0.03984375 0.096875
2 0.2078125 0.42109375 0.04140625 0.08359375
2 0.275 0.41484375 0.04296875 0.0875
2 0.3484375 0.41484375 0.05 0.09296875
2 0.41953125 0.4125 0.0515625 0.08515625
2 0.496875 0.4140625 0.05078125 0.0828125
2 0.57109375 0.41171875 0.04921875 0.084375
2 0.64609375 0.41328125 0.04375 0.08359375
2 0.7171875 0.415625 0.03984375 0.07890625
2 0.78671875 0.41796875 0.0390625 0.0796875
2 0.8484375 0.41953125 0.034375 0.07734375
4 0.7125 0.70859375 0.06328125 0.16640625