4 0.09014423076923077 0.25961538461538464 0.17548076923076922 0.42427884615384615
2 0.04326923076923077 0.4266826923076923 0.08533653846153846 0.25841346153846156
2 0.2704326923076923 0.2704326923076923 0.15384615384615385 0.2512019230769231
2 0.26802884615384615 0.71875 0.12860576923076922 0.20793269230769232
2 0.13221153846153846 0.5805288461538461 0.1814903846153846 0.28966346153846156
2 0.3161057692307692 0.6947115384615384 0.09375 0.25841346153846156
2 0.14302884615384615 0.7836538461538461 0.07451923076923077 0.10096153846153846
2 0.06009615384615385 0.7632211538461539 0.08533653846153846 0.13581730769230768
2 0.5504807692307693 0.5528846153846154 0.14903846153846154 0.1875
4 0.3473557692307692 0.4951923076923077 0.09375 0.30408653846153844
4 0.41947115384615385 0.6274038461538461 0.11899038461538461 0.28125
4 0.6670673076923077 0.7211538461538461 0.08413461538461539 0.23197115384615385
4 0.7848557692307693 0.49759615384615385 0.203125 0.5144230769230769
4 0.3894230769230769 0.3473557692307692 0.1466346153846154 0.28365384615384615
2 0.2403846153846154 0.4735576923076923 0.12860576923076922 0.22956730769230768
2 0.5 0.43028846153846156 0.11298076923076923 0.23557692307692307
2 0.5853365384615384 0.46875 0.109375 0.23317307692307693
2 0.5132211538461539 0.7800480769230769 0.06009615384615385 0.10216346153846154
2 0.5961538461538461 0.7584134615384616 0.09134615384615384 0.15264423076923078
2 0.5985576923076923 0.3293269230769231 0.10697115384615384 0.23317307692307693
2 0.9483173076923077 0.7824519230769231 0.10336538461538461 0.29927884615384615
2 0.7992788461538461 0.8100961538461539 0.10216346153846154 0.11298076923076923